B2	123.47
C3	130.81	
C#3/Db3 138.59	
D3	146.83
D#3/Eb3 155.56	
E3	164.81
F3	174.61	
F#3/Gb3 185.00
G3	196.00	
G#3/Ab3 207.65	
A3	220.00	
A#3/Bb3 233.08	
B3	246.94	
C4	261.63	
C#4/Db4 277.18
D4	293.66	
D#4/Eb4 311.13	
E4	329.63	
F4	349.23	
F#4/Gb4 369.99	
G4	392.00	
G#4/Ab4 415.30
A4	440.00
A#4/Bb4	466.16

---------------------------------------------------------------------------

E Aeolian: 164.81, 185.00, 196.00, 220.00, 246.94, 261.63, 293.66
(0,2,3,5,7,8,10)

E Phrygian: 164.81, 174.61, 196.00, 220.00, 246.94, 261.63, 293.66
(0,1,3,5,7,8,10)

E Diminished: 164.81, 185.00, 196.00, 220.00, 233.08, 261.63, 277.18, 311.13 
(0,2,3,5,6,8,9,11)

E Altered: 164.81, 174.61, 196.00, 207.65, 233.08, 246.94, 277.18, 293.66
(0,1,3,4,6,7,9,10)

D Harmonic Minor 5th mode: 146.83, 164.81, 174.61, 207.65, 220.00, 246.94, 261.63
(0,2,3,6,7,9,10)  